570,-0.742821,2.961425,0,0,54,423,570,2
525,-0.734306,2.758721,0,-1,-1,570,1
506,-0.698599,2.755791,0,-1,-1,527,570,2
434,-0.685598,3.784326,0,1,44,434,465,497,504,560,5
441,-0.685415,4.379803,0,-1,-1,441,1
504,-0.666829,3.808039,0,1,44,434,465,497,504,560,5
450,-0.645497,3.334971,0,0,54,450,1
517,-0.625080,3.143712,0,1,54,423,450,467,480,482,498,570,7
467,-0.583239,3.318125,0,0,54,450,1
465,-0.543504,3.972198,0,1,43,424,434,465,497,504,5
497,-0.538011,3.651753,0,1,43,407,434,450,465,467,497,504,533,546,560,10
312,-0.456511,1.874676,0,1,16,202,254,257,277,280,312,358,396,8
452,-0.453139,2.968017,0,-1,-1,423,480,527,3
480,-0.450392,3.270608,0,0,42,407,450,480,510,4
423,-0.437300,3.074496,0,1,42,423,443,480,510,527,5
358,-0.428312,2.089282,0,1,16,257,277,312,355,358,5
257,-0.391873,1.768654,0,0,16,202,1
498,-0.383831,3.331034,0,0,54,407,1
482,-0.358470,3.083651,0,1,50,401,422,423,443,480,510,527,531,8
483,-0.353252,3.164586,0,1,51,401,407,423,443,480,510,531,7
543,-0.342265,4.141942,0,0,43,424,465,478,543,4
255,-0.341426,1.224631,0,-1,-1,255,1
527,-0.332377,2.830409,0,0,42,423,482,565,3
560,-0.328715,3.701010,0,1,43,407,434,504,519,538,5
566,-0.327708,4.990020,0,-1,-1,566,1
254,-0.324396,1.584536,0,0,16,202,255,2
277,-0.315882,2.136799,0,1,16,257,277,312,355,358,378,477,7
202,-0.315058,1.648808,0,0,16,202,1
280,-0.300501,1.673162,0,0,16,202,1
532,-0.276620,4.490310,0,-1,-1,433,492,512,563,4
407,-0.271126,3.524674,0,1,35,407,458,459,519,538,5
565,-0.259682,2.703055,0,0,47,477,1
533,-0.228278,3.518357,0,1,43,400,407,420,454,458,459,519,538,8
546,-0.225623,3.630146,0,1,43,407,424,458,519,538,552,6
477,-0.214637,2.469314,0,0,16,277,477,2
433,-0.213355,4.576281,0,0,53,433,447,512,576,4
575,-0.196966,3.260994,0,0,48,407,1
424,-0.195502,4.044252,0,1,43,424,465,478,519,543,546,556,7
355,-0.177541,2.055132,0,0,16,378,396,2
522,-0.169042,3.394940,0,1,55,400,407,454,458,459,519,538,7
510,-0.157964,3.197363,0,1,42,401,407,413,422,423,443,480,482,498,529,531,533,541,562,14
563,-0.155217,4.657857,0,-1,-1,433,447,512,576,4
541,-0.152104,3.453536,0,1,42,400,407,420,454,458,459,519,538,8
233,-0.146321,1.084460,0,0,9,255,1
519,-0.131779,3.730399,0,0,35,406,407,2
470,-0.126469,2.821894,0,1,47,401,412,422,443,448,470,477,479,510,524,527,565,12
512,-0.121708,4.584704,0,1,53,433,447,492,512,576,5
268,-0.097888,1.645146,0,0,9,202,1
356,-0.089007,1.580782,0,0,9,202,1
529,-0.077303,3.415998,0,1,42,400,405,407,420,428,458,459,511,8
413,-0.074374,3.485946,0,1,37,400,402,405,407,420,458,459,7
443,-0.051576,3.126133,0,0,42,422,443,2
396,-0.051469,1.881542,0,0,16,378,396,2
526,-0.049837,3.139409,0,-1,-1,422,443,2
346,-0.042680,1.140584,0,0,9,233,240,242,255,4
531,-0.040132,3.198370,0,1,42,400,422,443,458,534,5
221,-0.031785,1.403989,0,1,9,200,208,221,224,233,253,268,279,282,283,304,328,342,346,348,356,361,362,381,19
401,-0.030885,3.130161,0,0,42,422,443,2
412,-0.009552,2.546770,0,0,47,477,1
576,0.000336,4.792535,0,1,53,433,442,447,512,542,563,576,7
348,0.003372,1.514771,0,1,6,198,200,208,221,224,237,253,254,268,279,283,304,328,337,342,346,348,356,362,381,396,21
538,0.010224,3.607532,0,1,35,400,402,406,407,413,529,533,541,546,560,562,11
448,0.013611,2.650410,0,1,47,412,422,436,448,470,477,479,565,8
562,0.016449,3.377819,0,1,35,400,401,402,405,407,413,420,422,428,443,458,459,498,511,529,533,534,537,541,549,562,21
552,0.023591,3.808588,0,1,43,402,406,413,546,562,5
422,0.041810,3.046205,0,0,35,422,1
458,0.057466,3.502335,0,0,35,400,407,413,562,4
447,0.070650,4.699057,0,1,38,414,433,442,447,455,492,512,530,563,576,10
337,0.078906,1.856182,0,0,6,378,1
279,0.083392,1.695502,0,1,6,198,202,208,213,221,224,237,249,268,279,280,283,284,304,328,337,342,348,356,362,381,385,396,23
478,0.084017,4.152745,0,0,43,406,1
406,0.087405,3.869930,0,0,35,402,406,2
362,0.088153,1.730750,0,1,6,208,213,221,224,237,249,268,279,280,283,284,304,328,337,342,348,356,362,378,381,385,396,22
209,0.090167,2.268548,0,-1,-1,378,1
492,0.100772,4.439222,0,0,38,414,447,492,3
556,0.101596,4.134800,0,0,43,406,1
283,0.106098,1.694678,0,1,6,198,208,213,221,224,237,249,268,279,280,283,284,304,328,337,342,348,356,362,381,385,396,22
378,0.107013,2.156850,0,0,6,378,1
459,0.113956,3.519547,0,1,35,400,407,413,529,533,541,562,7
461,0.120273,3.055086,0,1,34,398,400,409,422,476,494,503,534,537,574,10
400,0.128422,3.436140,0,1,34,400,413,529,533,541,562,6
328,0.128620,1.467162,0,1,6,198,200,208,221,224,237,253,258,265,268,279,282,283,294,304,328,337,342,348,356,361,362,370,381,24
240,0.133290,0.976333,0,1,11,203,242,340,349,357,5
571,0.155522,3.770318,0,-1,-1,518,561,2
342,0.165700,1.553682,0,1,6,198,200,208,221,224,237,253,258,265,268,279,282,283,284,294,304,328,337,342,348,356,361,362,370,381,385,26
451,0.166051,3.200842,0,1,48,400,401,402,405,409,420,422,428,440,443,454,458,459,476,494,503,511,531,534,537,549,557,562,569,575,577,26
253,0.166158,1.298975,0,1,6,198,200,208,219,221,224,237,240,242,253,262,265,282,294,304,328,339,342,346,348,361,370,379,381,24
454,0.166417,3.463973,0,1,42,400,413,529,533,541,562,6
224,0.167989,1.615665,0,1,6,198,200,208,213,221,224,237,249,253,258,268,279,282,283,284,304,328,337,342,348,356,361,362,381,385,25
524,0.185186,2.893033,0,1,47,422,431,436,448,451,461,466,470,474,479,485,509,524,528,557,15
242,0.187765,1.056169,0,0,6,242,262,340,357,4
479,0.190588,2.855861,0,1,47,422,431,436,448,451,461,466,470,474,479,485,509,524,528,557,15
381,0.201590,1.429441,0,1,6,198,200,208,219,221,224,237,242,253,258,262,265,279,282,283,284,294,304,328,339,342,348,356,361,362,370,381,27
534,0.202948,3.230873,0,1,34,400,401,402,405,409,418,420,422,428,439,440,443,451,454,458,459,461,476,485,494,503,507,510,511,520,531,534,536,537,557,562,575,32
420,0.206610,3.510575,0,1,34,400,402,413,451,529,533,541,557,562,9
200,0.207541,1.269402,0,1,6,198,200,208,219,221,224,237,240,242,253,262,265,282,294,304,328,339,340,342,346,348,357,361,370,379,381,26
340,0.209189,0.860790,0,1,6,203,287,340,349,357,390,6
402,0.209265,3.584185,0,1,34,400,402,413,451,518,562,6
304,0.225944,1.425779,0,1,6,198,200,208,219,221,224,237,242,253,258,262,265,279,282,283,284,294,304,328,339,342,348,361,362,370,381,26
208,0.229057,1.541688,0,1,6,198,200,208,213,221,224,237,249,253,258,265,268,279,282,283,284,294,304,328,342,348,356,361,362,370,381,385,27
469,0.235176,3.721793,0,-1,-1,518,561,2
523,0.239021,4.161718,0,-1,-1,406,415,2
485,0.253853,3.002716,0,1,34,398,401,405,409,422,431,436,440,443,451,461,464,466,474,476,479,485,486,494,503,509,528,534,537,549,555,557,569,574,29
442,0.254677,4.889859,0,1,38,414,442,447,455,530,542,576,7
557,0.275460,3.141057,0,1,34,398,400,401,405,409,418,420,422,428,439,440,443,454,464,476,486,494,503,507,511,534,536,537,549,557,569,574,577,28
501,0.275826,3.702109,0,-1,-1,518,561,2
405,0.276742,3.416913,0,1,34,400,402,403,405,413,451,474,485,529,557,562,11
542,0.277291,4.954680,0,1,38,414,442,455,530,542,576,6
282,0.282800,1.316553,0,1,6,198,200,208,219,221,224,237,242,253,258,262,265,282,294,304,328,339,342,357,361,370,379,381,23
265,0.299554,1.255211,0,0,6,262,357,379,3
520,0.305124,3.563952,0,0,34,518,551,561,3
414,0.308237,4.558061,0,1,38,414,432,442,447,455,492,530,542,8
357,0.308618,0.921308,0,0,6,340,349,357,3
549,0.311533,3.328471,0,1,34,398,400,402,403,405,409,418,420,427,428,430,437,439,440,451,454,456,458,459,474,476,485,488,493,494,501,502,503,507,511,515,516,520,534,536,537,549,557,562,568,569,577,42
237,0.312922,1.584811,0,1,6,198,200,208,213,219,224,237,249,253,258,262,265,279,282,283,284,294,304,310,328,339,342,348,356,361,362,370,381,385,29
509,0.313547,2.873348,0,1,34,398,409,422,429,431,436,461,466,474,476,479,485,494,503,509,528,537,557,574,19
474,0.319498,3.042543,0,1,34,398,401,405,409,422,428,431,436,440,451,461,464,466,474,476,479,485,486,494,503,509,511,528,534,537,549,555,557,569,574,577,31
284,0.322077,1.729560,0,1,6,198,208,213,224,237,249,258,279,283,284,304,310,337,342,361,362,370,381,385,19
427,0.324900,3.628132,0,0,34,518,551,553,561,4
511,0.325907,3.448500,0,1,34,400,402,403,405,409,413,418,420,427,428,430,437,439,451,454,456,457,458,459,469,474,476,484,488,493,501,502,507,511,515,516,520,529,534,536,537,549,557,562,568,569,577,578,43
198,0.332606,1.522279,0,1,6,198,200,208,213,219,224,237,249,253,258,262,265,279,282,283,284,294,304,310,328,339,342,348,361,370,381,385,27
436,0.335246,2.662496,0,1,34,431,436,485,509,528,5
428,0.338816,3.429365,0,1,34,400,402,403,405,409,418,420,427,428,451,474,529,557,562,14
203,0.344783,0.985763,0,0,6,340,349,357,379,4
537,0.347514,3.261269,0,1,34,398,400,403,405,409,418,420,425,427,428,437,439,440,451,454,461,464,474,476,485,486,488,493,494,503,507,509,511,515,516,520,534,536,537,549,557,562,568,569,574,577,41
361,0.352107,1.350429,0,1,6,198,200,208,219,221,224,237,253,258,262,265,282,284,294,304,328,339,342,361,370,379,381,385,23
370,0.366573,1.350063,0,1,6,198,200,208,219,237,253,258,262,265,282,284,294,304,328,339,342,361,370,379,381,385,21
385,0.366573,1.778634,0,1,6,198,208,213,224,237,249,258,279,283,284,310,337,342,361,362,370,385,17
496,0.374615,2.795892,0,1,34,398,409,431,436,466,476,485,494,503,509,528,557,574,13
262,0.377010,1.230766,0,0,6,262,349,357,379,4
491,0.382855,3.864620,0,1,52,404,419,489,518,535,554,561,7
502,0.389904,3.681509,0,1,34,404,518,547,553,561,5
409,0.390912,3.153325,0,1,34,398,401,405,409,431,451,461,466,474,485,509,528,557,13
339,0.396146,1.256127,0,0,6,262,349,357,379,4
578,0.403729,3.725913,0,1,34,404,518,547,553,561,5
349,0.407498,0.821970,0,0,6,340,349,357,3
431,0.408307,2.782891,0,1,34,398,409,431,436,466,476,485,486,494,503,509,528,574,13
455,0.410779,4.696951,0,1,38,414,432,442,447,455,530,542,7
463,0.415448,3.846950,0,1,49,404,419,489,508,518,535,554,561,8
429,0.416639,2.573504,0,0,34,0
294,0.420316,1.373867,0,1,6,198,200,208,213,219,237,249,253,258,262,265,282,294,304,328,339,342,361,370,379,381,21
569,0.431745,3.225471,0,1,34,398,403,405,409,418,425,428,430,437,439,440,451,456,464,474,476,485,486,488,493,494,503,507,511,515,516,528,534,536,537,549,557,568,569,574,577,36
476,0.447676,3.159459,0,1,34,398,431,451,461,466,474,485,496,509,528,557,11
403,0.453169,3.568438,0,1,34,472,505,518,545,551,553,558,561,8
530,0.457472,4.719565,0,1,38,414,432,442,447,455,530,542,7
507,0.458205,3.403272,0,0,34,518,551,558,561,4
489,0.459304,4.237709,0,0,39,415,432,2
390,0.461058,0.879101,0,0,6,340,349,357,379,4
493,0.463424,3.516526,0,1,34,472,505,518,545,551,553,558,561,8
503,0.464522,3.088961,0,1,34,398,431,451,461,466,474,485,509,528,557,10
488,0.475784,3.525681,0,1,34,472,505,518,545,551,553,558,561,8
494,0.476974,3.143345,0,1,34,398,431,451,461,466,474,485,496,509,528,557,11
213,0.478088,1.719123,0,1,6,198,208,213,219,224,237,249,258,279,283,284,294,310,362,385,15
528,0.478805,2.878933,0,1,34,398,409,431,440,464,475,476,486,494,503,528,555,569,574,577,15
415,0.479720,4.007172,0,1,39,397,404,408,419,487,489,508,518,535,554,561,11
419,0.480087,4.149724,0,0,39,404,432,489,518,4
249,0.483856,1.694678,0,1,6,198,208,213,219,224,237,249,258,279,283,284,294,310,362,385,15
258,0.487243,1.501587,0,1,6,198,208,213,219,224,237,249,258,262,265,282,284,294,304,310,328,339,342,361,370,379,381,385,23
466,0.487869,2.824000,0,1,34,398,409,431,440,464,475,476,486,494,503,528,555,574,13
310,0.488891,1.793649,0,0,6,213,310,2
515,0.495010,3.511124,0,1,34,472,505,518,545,551,553,558,561,8
536,0.495193,3.351360,0,1,34,398,403,405,409,418,420,425,427,428,430,437,439,440,454,456,457,464,476,484,486,488,493,494,502,503,507,511,515,516,518,520,534,536,537,549,551,557,558,568,569,574,577,42
518,0.497482,3.745140,0,0,34,419,518,535,554,4
418,0.497665,3.329203,0,1,34,398,403,405,409,418,518,557,558,8
219,0.503357,1.339991,0,1,6,219,262,282,339,370,379,6
303,0.507019,1.176748,0,-1,-1,379,1
440,0.507096,3.156346,0,1,34,398,451,466,474,485,528,557,7
398,0.515793,3.084201,0,1,34,398,431,461,466,474,485,496,509,528,557,10
439,0.519822,3.331584,0,1,34,398,403,405,409,418,425,428,430,437,439,440,456,457,464,476,484,486,488,493,494,503,507,511,515,516,518,520,534,536,537,549,551,557,558,568,569,574,577,38
379,0.521210,1.250175,0,0,6,379,1
577,0.532273,3.239113,0,1,34,398,403,405,409,418,425,428,430,437,439,440,451,456,457,464,474,476,484,486,488,493,494,503,507,511,515,516,528,534,536,537,549,555,557,568,569,574,577,38
430,0.532548,3.536485,0,1,34,404,472,505,518,545,547,553,561,8
574,0.533647,3.069552,0,1,34,398,431,461,466,474,485,496,509,528,557,10
535,0.536485,4.103214,0,1,39,404,432,489,518,561,5
287,0.537049,0.909223,0,0,6,340,349,357,379,4
259,0.555727,0.266137,0,-1,-1,259,1
486,0.558641,3.082369,0,1,34,398,431,466,474,485,528,557,7
464,0.562761,3.103702,0,1,34,398,466,474,485,528,557,6
561,0.569903,3.740196,0,1,34,472,505,508,518,535,554,6
238,0.590243,1.318567,0,1,10,200,219,253,258,262,265,282,294,339,361,370,379,12
266,0.599673,1.257958,0,-1,-1,379,1
456,0.604968,3.457472,0,1,34,472,505,518,545,547,551,553,558,561,564,573,11
516,0.610736,3.299173,0,0,34,551,558,564,3
432,0.612934,4.453139,0,0,38,432,1
351,0.615238,1.132618,0,-1,-1,379,1
404,0.616688,3.896664,0,1,33,397,404,408,410,419,462,487,508,518,535,547,554,12
437,0.622730,3.404187,0,1,34,472,505,545,551,553,558,561,564,573,9
568,0.628315,3.307047,0,0,34,472,551,558,564,4
391,0.630345,1.248436,0,-1,-1,379,1
307,0.635289,1.041520,0,0,12,349,357,379,3
295,0.638127,1.330836,0,1,17,219,258,262,265,282,294,339,361,370,379,10
212,0.646733,1.228477,0,-1,-1,379,1
293,0.660100,0.851817,0,0,13,349,357,2
383,0.665868,1.041154,0,0,13,379,1
329,0.668523,0.963973,0,0,13,349,357,379,3
243,0.675939,0.721442,0,1,12,210,229,243,307,349,5
368,0.677679,1.285607,0,1,30,219,258,262,265,282,294,339,361,370,379,10
484,0.689474,3.431013,0,1,34,472,505,545,547,551,553,558,561,564,573,10
555,0.689566,2.997131,0,0,34,0
272,0.693609,0.765481,0,0,13,307,349,2
343,0.695715,1.142964,0,0,13,379,1
297,0.699927,1.211447,0,1,18,219,262,265,294,339,379,6
551,0.700369,3.586200,0,1,34,404,472,505,508,518,545,547,551,553,554,558,561,564,13
457,0.715934,3.486221,0,1,34,472,495,505,545,547,551,553,554,558,561,564,11
553,0.724540,3.667592,0,1,34,404,453,462,472,505,508,518,545,547,553,554,561,12
338,0.726112,1.119892,0,0,13,379,1
508,0.729392,3.981536,0,0,33,397,404,547,3
350,0.755226,1.210349,0,0,13,219,262,339,379,4
425,0.768395,3.269051,0,1,34,472,505,545,550,551,553,558,564,573,9
558,0.783776,3.478988,0,1,34,472,495,505,545,547,551,553,554,558,564,573,11
554,0.784417,3.867550,0,1,33,397,404,408,410,435,453,462,468,472,487,505,508,518,545,547,554,567,17
323,0.784982,0.945753,0,0,13,307,1
229,0.793588,0.533113,0,0,12,229,252,306,3
352,0.796884,1.184347,0,0,13,219,379,2
220,0.797342,1.069720,0,0,13,0
475,0.799890,2.914457,0,0,34,0
547,0.803644,3.704306,0,1,33,397,404,408,410,453,462,472,487,505,508,518,545,547,551,553,554,558,561,573,19
472,0.823511,3.548570,0,1,33,421,453,462,472,490,495,505,545,547,551,553,554,558,561,564,573,16
246,0.826731,1.108997,0,0,13,379,1
291,0.832316,1.120258,0,0,13,379,1
319,0.834330,1.098834,0,0,13,0
505,0.837794,3.588580,0,1,33,397,421,453,462,472,490,495,505,545,547,551,553,554,558,561,564,573,17
232,0.842662,1.141316,0,0,13,379,1
408,0.844386,4.075198,0,0,33,397,404,547,3
210,0.854747,0.964064,0,0,12,307,1
545,0.856288,3.551775,0,1,33,397,421,453,462,472,490,495,505,545,547,551,553,554,558,564,573,16
326,0.866100,1.078875,0,0,13,0
313,0.868572,0.742409,0,1,13,201,210,216,217,220,226,229,232,236,243,245,246,251,270,271,272,289,291,292,293,296,298,309,311,314,319,321,330,363,29
245,0.868755,0.925977,0,1,13,210,211,215,216,220,226,228,232,236,243,245,246,251,256,269,270,271,272,287,289,291,292,293,296,298,305,307,309,311,313,314,318,319,321,323,324,325,326,329,330,334,335,336,338,341,343,347,350,352,363,375,377,380,383,386,395,56
223,0.872784,1.564486,0,-1,-1,258,1
417,0.878994,3.106906,0,1,41,471,514,550,564,573,5
226,0.881756,1.013138,0,0,13,307,1
216,0.884320,1.153676,0,0,13,0
397,0.885128,3.970916,0,1,33,397,404,505,545,547,5
292,0.886059,0.724006,0,1,13,201,210,216,217,220,226,229,236,243,245,246,251,270,271,272,289,291,292,293,296,298,309,311,314,319,321,330,363,388,29
487,0.898312,4.010743,0,0,33,397,404,547,3
462,0.899319,3.914151,0,1,33,397,404,472,505,545,547,553,7
468,0.910215,4.157231,0,1,33,397,399,408,410,419,462,468,487,499,500,508,535,554,567,14
270,0.911328,1.066057,0,0,13,307,1
347,0.919202,0.842845,0,1,5,197,201,210,211,216,220,226,228,229,232,236,243,245,246,251,263,269,270,271,272,287,289,291,292,293,296,298,305,309,311,313,314,318,319,321,323,325,326,329,330,331,333,334,336,341,347,363,375,377,386,395,51
289,0.928449,0.961592,0,1,5,210,211,215,216,220,226,228,232,236,245,246,251,256,269,270,271,272,287,289,291,292,293,296,298,305,307,309,311,313,314,318,319,321,323,324,325,326,329,330,334,335,336,338,341,343,347,350,352,363,375,377,380,383,386,395,55
314,0.929090,1.108539,0,0,5,0
309,0.931745,0.951613,0,1,5,210,211,215,216,220,226,228,232,236,245,246,251,256,269,270,271,272,287,289,291,292,293,296,298,305,307,309,311,313,314,318,319,321,323,324,325,326,329,330,334,335,336,338,341,343,347,350,352,363,375,377,380,383,386,395,55
564,0.940153,3.380291,0,1,33,421,438,460,472,490,495,505,539,545,550,551,558,559,564,573,15
521,0.940519,3.009491,0,-1,-1,471,514,550,564,4
380,0.947493,1.286615,0,0,5,0
298,0.949599,0.947493,0,1,5,210,211,215,216,220,226,228,232,236,245,246,251,256,260,263,269,270,271,272,289,291,292,293,296,298,305,307,309,311,313,314,318,319,321,323,324,325,326,329,330,333,334,335,336,338,341,343,347,352,363,375,377,380,383,386,395,56
573,0.951415,3.466628,0,1,33,421,438,453,460,472,490,495,505,545,547,550,551,553,558,564,573,16
334,0.956740,1.112201,0,0,5,307,1
236,0.961959,0.926069,0,1,5,197,210,211,215,216,220,226,228,232,236,245,246,251,256,260,263,269,270,271,272,287,289,291,292,293,296,298,305,307,309,311,313,314,318,319,321,323,324,325,326,329,330,331,333,334,335,336,338,341,347,352,363,375,377,380,383,386,395,58
416,0.964141,3.105716,0,1,40,471,514,550,559,564,573,6
321,0.964156,0.889355,0,1,5,197,201,204,210,211,215,216,220,226,228,232,236,245,246,251,256,260,263,269,270,271,272,287,289,291,292,293,296,298,305,309,311,313,314,318,319,321,323,324,325,326,329,330,331,333,334,335,336,341,347,363,375,377,380,386,395,56
325,0.968551,1.134449,0,0,5,307,1
410,0.971007,3.939055,0,0,33,397,404,547,3
251,0.980819,0.936048,0,1,5,197,204,210,211,215,216,220,226,228,232,236,241,245,246,251,256,260,263,269,270,271,289,291,292,293,296,298,305,309,311,313,314,318,319,321,323,324,325,326,329,330,331,333,334,335,336,338,341,347,352,363,375,377,380,383,386,395,57
399,0.982452,4.144597,0,1,33,397,399,408,410,453,462,468,487,499,500,508,567,12
377,0.984756,0.973678,0,1,5,210,211,215,216,220,226,228,232,236,245,246,251,256,260,263,269,270,271,289,291,292,293,296,298,305,307,309,311,313,314,318,319,321,323,324,325,326,329,330,333,334,335,336,338,341,347,352,363,375,377,380,383,386,387,395,55
327,0.989883,1.458098,0,-1,-1,0
311,0.992538,0.840556,0,1,5,197,201,204,207,210,211,215,216,217,220,226,228,236,243,245,246,251,256,260,263,269,270,271,272,289,291,292,293,296,298,305,309,311,313,314,318,319,321,323,324,325,326,329,330,331,333,334,335,336,341,347,363,374,375,377,386,395,57
500,0.993896,4.157872,0,1,33,397,399,408,410,453,462,468,487,499,500,508,567,12
296,1.000961,0.957747,0,1,5,197,210,211,215,216,220,226,228,232,236,241,245,246,251,256,260,261,263,269,270,271,289,291,292,293,296,298,305,307,309,311,313,314,318,319,321,323,324,325,326,329,330,331,333,334,335,336,338,341,347,352,363,375,377,380,383,386,387,395,59
453,1.008820,3.778558,0,1,33,397,399,410,421,426,435,453,462,472,487,490,495,500,505,545,547,553,554,567,573,20
271,1.009110,0.979904,0,1,5,210,211,215,216,220,226,228,232,236,245,246,251,256,260,261,263,267,269,270,271,275,289,291,292,296,298,305,307,309,311,313,314,318,319,321,323,324,325,326,329,330,333,334,335,336,338,341,347,352,363,375,377,380,383,386,387,395,57
395,1.009568,0.959944,0,1,5,197,204,210,211,215,216,220,226,228,232,236,241,245,246,251,256,260,261,263,269,270,271,275,289,291,292,296,298,305,309,311,313,314,318,319,321,323,324,325,326,329,330,331,333,334,335,336,338,341,347,352,363,375,377,380,383,386,387,395,59
387,1.044176,1.323969,0,0,5,295,1
499,1.055696,4.334391,0,0,33,499,1
367,1.058275,0.115894,0,0,19,306,367,2
386,1.060381,1.000320,0,1,5,204,210,211,215,216,220,226,228,232,236,241,245,246,251,256,260,261,263,267,269,270,271,273,275,281,289,291,296,298,305,309,311,313,314,318,319,321,323,325,326,329,334,336,341,347,352,360,375,377,380,383,386,387,395,54
567,1.066683,4.007630,0,1,33,397,399,408,410,435,453,462,468,487,499,500,508,554,567,14
375,1.075030,0.974319,0,1,5,201,204,210,211,215,216,220,226,228,232,236,241,245,246,251,256,267,269,270,271,275,281,289,291,292,296,298,305,309,311,313,314,318,319,321,323,325,326,329,334,336,341,347,360,375,377,380,386,387,395,50
495,1.079684,3.525132,0,1,33,435,438,453,460,472,505,545,550,551,558,559,564,573,13
269,1.097736,1.046007,0,1,5,204,210,211,215,216,220,226,228,232,236,241,245,246,251,256,260,261,263,267,269,270,271,273,275,281,286,289,291,296,298,305,309,311,314,318,319,321,323,325,326,334,336,338,341,347,352,360,375,377,380,383,386,387,395,54
336,1.107990,0.923963,0,1,5,201,204,207,210,211,215,222,226,228,236,241,245,251,256,267,269,270,271,275,289,292,296,298,305,309,311,313,314,318,319,321,323,325,326,334,336,341,347,360,375,377,386,395,43
211,1.111011,0.955916,0,1,5,201,204,207,210,211,215,216,220,226,228,236,241,245,246,251,256,267,269,270,271,275,281,289,291,296,298,305,309,311,314,318,319,321,323,325,326,334,336,341,347,360,375,377,386,387,395,46
306,1.120533,0.497131,0,1,19,201,217,229,244,252,336,367,7
548,1.124180,3.071383,0,-1,-1,438,471,539,559,4
363,1.129231,0.751839,0,1,5,201,204,207,211,215,217,222,228,230,236,241,245,251,256,269,271,272,289,292,296,298,305,309,311,313,318,321,336,341,347,375,377,386,395,34
318,1.141133,0.991714,0,1,5,201,204,207,210,211,215,216,220,226,228,232,236,241,245,246,251,256,267,269,270,271,275,281,286,289,291,296,298,305,309,311,314,318,319,321,35
330,1.142232,0.816568,0,1,5,201,204,207,210,211,215,222,228,230,236,241,245,251,256,269,271,289,292,296,298,305,309,311,313,318,321,336,341,347,375,377,386,395,33
445,1.144322,3.073489,0,1,46,438,460,471,539,559,5
252,1.145161,0.524140,0,1,14,201,217,229,244,336,5
421,1.151738,3.573565,0,1,33,435,438,453,460,472,505,545,550,559,564,573,11
550,1.154851,3.234169,0,1,33,421,438,460,471,490,495,513,539,540,550,559,564,573,13
360,1.155416,1.310327,0,1,5,211,215,216,231,256,269,286,301,302,9
305,1.159719,1.032456,0,1,5,201,204,210,211,215,216,220,226,228,231,232,236,241,245,246,251,256,267,269,270,271,275,281,286,289,291,296,298,302,305,309,311,314,318,319,321,325,326,334,336,341,347,360,375,377,386,387,395,48
341,1.167959,1.000320,0,1,5,201,204,207,210,211,215,216,220,222,226,228,236,241,245,246,251,256,267,269,270,271,275,281,286,289,296,298,305,309,311,314,318,319,321,323,325,326,334,336,341,360,375,377,43
435,1.173620,3.855739,0,1,33,397,421,435,490,495,5
302,1.186544,1.440428,0,1,5,223,231,278,286,302,5
490,1.202185,3.566240,0,1,33,435,453,460,472,505,545,550,559,564,573,10
267,1.203757,1.232139,0,1,5,211,228,231,273,301,5
438,1.207221,3.432844,0,1,33,460,471,550,559,564,573,6
217,1.209342,0.657262,0,1,5,201,204,207,211,215,217,222,228,230,244,256,292,305,311,313,318,336,341,18
256,1.225364,1.003067,0,1,5,201,204,207,210,211,215,222,226,228,231,236,241,245,251,256,267,269,270,271,275,281,286,289,296,298,305,309,311,314,318,321,325,326,334,336,341,360,375,377,386,395,41
559,1.227454,3.224738,0,0,33,438,460,471,559,4
228,1.230125,0.906842,0,1,5,201,204,207,210,211,215,222,230,236,241,245,251,256,267,269,271,275,281,286,289,296,298,305,309,311,318,321,336,341,347,375,377,386,395,34
460,1.234596,3.425703,0,1,33,460,471,550,559,564,573,6
215,1.244407,0.994827,0,1,5,201,204,207,210,211,215,222,226,230,231,236,241,245,251,256,267,269,270,271,275,281,286,289,296,298,305,309,311,314,318,321,325,334,336,341,360,375,377,386,395,40
471,1.250435,3.059481,0,1,33,438,460,471,513,539,559,6
275,1.269585,1.145619,0,1,5,201,204,211,228,231,241,260,261,263,273,301,11
514,1.270943,3.093448,0,1,36,438,460,471,513,539,540,559,7
201,1.274987,0.755776,0,1,5,201,204,206,207,211,215,222,230,256,275,292,305,311,313,318,321,336,341,347,375,20
335,1.279565,0.934767,0,1,5,201,204,207,211,215,222,230,231,236,241,245,251,256,267,269,271,275,281,286,289,296,298,305,309,311,318,321,336,341,375,377,386,395,33
539,1.292184,3.304483,0,1,33,460,471,550,559,564,5
324,1.296777,0.942640,0,1,5,201,204,207,211,215,222,230,231,236,241,245,251,256,267,269,271,275,281,286,289,296,298,305,309,311,318,321,336,341,372,375,377,386,395,34
388,1.299524,0.697089,0,1,13,201,204,206,207,211,215,217,222,228,230,241,244,256,292,336,341,16
333,1.317011,0.877911,0,1,5,204,207,211,215,231,236,251,256,269,271,275,281,286,296,298,305,311,318,321,336,341,347,375,377,386,395,26
332,1.322321,0.588687,0,1,25,201,204,207,217,222,227,228,230,241,244,10
263,1.322687,0.881298,0,1,5,204,207,211,215,231,236,251,256,269,271,275,281,286,296,298,305,311,318,321,336,341,347,375,377,386,395,26
331,1.325159,0.839824,0,1,5,204,206,207,211,215,222,230,236,251,256,269,275,281,286,296,305,311,318,321,336,341,347,375,386,395,25
197,1.332209,0.848247,0,1,5,204,207,211,215,236,251,256,269,275,281,286,296,305,311,318,321,336,341,347,375,386,395,22
426,1.335032,3.786157,0,1,33,421,435,449,453,490,5
286,1.344844,1.204581,0,1,5,204,228,231,241,260,263,301,7
260,1.356380,0.913251,0,1,5,204,207,211,215,231,236,251,256,269,271,275,281,286,296,298,305,311,318,321,336,341,372,375,377,386,395,26
207,1.357845,0.763741,0,1,5,201,204,206,207,211,215,222,230,241,256,281,311,318,336,341,15
204,1.361049,0.866649,0,1,5,204,207,211,215,231,251,256,269,275,281,286,305,311,318,321,336,341,375,386,395,20
449,1.365337,3.597186,0,1,33,421,438,449,460,495,513,539,7
374,1.366817,0.796793,0,1,5,204,206,207,211,215,222,230,256,275,281,286,305,311,318,336,341,16
513,1.381909,3.329295,0,1,33,438,460,471,513,539,540,550,559,8
281,1.384487,1.113392,0,1,5,204,207,211,222,230,231,241,301,8
273,1.398953,1.091510,0,1,5,204,207,211,222,230,231,241,301,8
231,1.399228,1.232414,0,1,5,204,222,231,241,260,261,263,273,278,301,10
278,1.404996,1.620792,0,0,5,231,264,278,302,4
230,1.406369,0.729133,0,1,5,201,204,206,207,215,222,227,230,241,281,10
241,1.409116,0.916822,0,1,5,204,206,207,211,215,218,222,230,231,251,256,269,275,281,286,296,301,305,318,336,341,372,375,386,395,25
394,1.413785,0.778665,0,1,32,204,206,207,215,222,230,256,281,8
354,1.418088,0.815744,0,1,27,204,206,207,211,215,222,230,231,256,281,336,341,372,13
775,1.421100,5.433400,0,1,73,718,745,775,820,829,830,6
739,1.425300,5.360500,0,1,73,708,739,745,775,787,830,847,7
261,1.426054,0.948958,0,1,5,201,204,206,207,211,215,218,222,230,231,241,256,269,271,281,286,296,301,305,19
365,1.430448,0.759346,0,1,29,204,206,207,215,222,227,230,256,281,9
274,1.445647,1.087573,0,1,15,204,207,222,230,231,241,301,372,8
222,1.447295,0.832316,0,1,5,204,206,207,215,222,230,231,256,281,336,341,372,12
847,1.467300,5.239800,0,1,73,708,745,775,778,780,787,830,847,8
244,1.467528,0.469115,0,0,5,206,207,227,3
844,1.469200,5.398800,0,1,74,708,717,718,739,745,763,775,787,820,829,830,847,12
718,1.472000,5.790100,0,0,73,753,829,2
717,1.475700,5.833500,0,0,74,742,753,829,3
829,1.484500,5.795700,0,0,73,753,829,2
411,1.486740,3.036866,0,1,36,147,411,471,513,514,540,559,7
316,1.494903,0.540437,0,1,22,201,206,207,222,227,230,244,7
787,1.496400,5.552600,0,0,73,829,1
264,1.500122,1.665929,0,1,2,5,35,264,278,301,5
708,1.514600,5.193400,0,0,73,735,745,2
301,1.515870,1.256035,0,1,2,231,241,261,264,273,301,6
320,1.517609,1.001968,0,1,23,204,206,207,215,218,222,230,231,241,256,275,281,286,301,305,318,341,17
830,1.518000,5.108500,0,0,73,735,745,830,3
820,1.530000,5.711300,0,0,73,753,829,2
730,1.531200,5.213000,0,-1,-1,735,745,2
745,1.532500,5.214000,0,0,73,735,745,2
808,1.533300,5.544100,0,1,72,704,708,709,712,717,718,727,729,730,739,745,746,763,773,775,785,787,800,802,808,820,823,829,844,847,25
392,1.538026,0.268700,0,-1,-1,227,235,239,244,4
227,1.551759,0.457488,0,0,5,206,227,2
729,1.552000,5.314500,0,1,72,708,729,730,739,745,763,765,775,778,780,787,808,820,830,844,847,16
540,1.554765,3.235084,0,1,33,513,539,540,550,559,5
384,1.559450,0.707068,0,1,31,201,204,206,207,217,222,227,230,241,244,260,261,263,285,300,308,372,17
785,1.581800,5.870000,0,0,72,705,753,829,3
444,1.586352,3.733512,0,1,45,426,444,449,481,544,5
823,1.587900,5.511200,0,1,72,704,708,709,712,717,718,727,729,730,739,745,746,751,763,773,775,785,787,800,802,808,820,823,829,844,847,26
389,1.588565,0.387906,0,-1,-1,206,227,2
359,1.589938,0.716224,0,1,28,201,204,206,207,217,218,222,227,230,239,241,244,260,261,263,285,300,372,18
763,1.607200,5.664700,0,0,72,753,829,2
113,1.619938,2.306330,0,1,2,5,80,113,137,164,5
88,1.620579,2.594363,0,-1,-1,46,113,155,190,4
206,1.621342,0.739845,0,1,5,204,206,207,218,372,5
5,1.623692,1.968673,0,1,2,5,69,113,116,137,164,264,7
353,1.625828,0.801370,0,1,26,201,204,206,207,218,222,227,230,241,260,261,263,285,13
773,1.633500,5.846400,0,0,72,705,753,2
735,1.637000,4.932500,0,1,71,702,735,745,780,792,819,830,7
743,1.640900,6.021300,0,-1,-1,705,720,2
780,1.643100,4.991800,0,1,71,702,735,745,780,792,819,830,7
322,1.650548,0.798074,0,1,24,201,204,206,207,218,222,227,230,241,260,261,263,285,13
373,1.651280,0.438627,0,-1,-1,206,227,2
308,1.659612,0.721809,0,1,20,201,204,206,207,218,222,227,230,239,241,244,285,300,13
776,1.661200,5.982600,0,-1,-1,705,720,753,3
778,1.662500,5.020000,0,1,72,702,735,745,780,792,819,825,830,8
794,1.681200,6.088400,0,-1,-1,705,720,2
239,1.702002,0.393399,0,0,7,206,227,239,244,4
285,1.707404,0.832774,0,1,7,204,206,207,218,222,230,239,241,260,261,263,285,12
372,1.722327,0.960768,0,1,5,206,218,222,241,260,261,274,285,8
300,1.723426,0.720435,0,1,7,206,207,218,222,227,230,239,250,285,300,10
317,1.755745,0.369594,0,-1,-1,227,239,244,3
712,1.767500,5.707200,0,0,72,705,753,2
164,1.767800,2.044023,0,1,2,5,17,69,113,116,135,137,164,8
235,1.768929,0.250023,0,0,7,227,239,2
727,1.770000,5.662800,0,0,72,705,718,753,829,4
544,1.771569,3.518723,0,0,45,444,481,544,3
746,1.778200,5.471100,0,1,72,704,709,712,725,727,729,740,741,746,751,753,755,763,765,775,784,787,788,800,802,805,808,809,823,833,842,843,844,28
765,1.779900,5.126700,0,1,72,702,704,708,725,729,730,734,741,745,746,757,765,778,780,782,791,792,809,819,825,830,831,842,847,24
250,1.781289,0.356319,0,0,7,227,239,244,3
80,1.784738,2.587313,0,1,2,20,46,63,66,113,137,155,190,8
218,1.785043,0.957106,0,1,5,206,218,225,241,261,285,300,308,320,322,353,359,12
800,1.788400,5.729600,0,0,72,705,753,2
734,1.791600,5.026900,0,1,72,702,745,757,792,819,825,831,7
290,1.793008,0.092730,0,-1,-1,235,239,2
137,1.794351,2.203787,0,1,2,5,17,80,113,116,135,137,164,8
725,1.796900,5.255300,0,1,72,704,708,709,725,727,729,730,734,741,745,746,751,765,778,780,782,791,792,796,802,809,819,830,842,847,25
473,1.797113,3.997833,0,-1,-1,0
802,1.812200,5.686800,0,0,72,705,753,2
720,1.820200,6.175700,0,-1,-1,705,720,753,3
769,1.823600,6.052100,0,-1,-1,705,1
446,1.824030,4.205390,0,-1,-1,572,1
705,1.831200,5.996300,0,-1,-1,705,1
753,1.835200,5.753700,0,0,72,705,720,753,3
35,1.859722,1.628361,0,1,2,35,69,121,186,264,5
742,1.863800,5.871200,0,0,72,705,720,753,3
741,1.867400,5.228900,0,1,72,702,704,708,709,725,729,730,734,741,745,746,751,757,765,778,782,791,792,796,805,809,817,819,825,831,842,847,27
382,1.868816,0.062059,0,-1,-1,235,248,250,290,4
199,1.871746,0.571383,0,1,7,206,227,235,239,247,248,250,285,299,300,371,11
704,1.874600,5.465600,0,1,72,704,709,712,725,727,740,741,742,746,751,753,755,765,782,784,788,800,801,802,805,808,809,811,823,833,842,843,27
842,1.882500,5.141700,0,1,72,702,745,757,791,792,796,819,825,831,9
248,1.886944,0.347163,0,0,7,227,239,371,3
190,1.889660,2.654149,0,1,2,20,46,63,66,155,190,6
299,1.890973,0.519196,0,1,7,227,235,239,248,250,371,6
709,1.895300,5.461800,0,1,72,704,709,712,725,727,740,741,742,746,751,753,755,782,784,788,800,801,802,805,808,809,811,819,822,823,833,842,843,28
481,1.898007,3.726096,0,0,45,444,473,481,544,4
819,1.901300,5.020000,0,0,71,702,1
147,1.904126,3.045457,0,0,36,115,155,2
738,1.906500,6.042500,0,-1,-1,705,1
46,1.914106,2.575411,0,1,2,20,46,61,63,155,190,6
116,1.918134,2.094745,0,0,2,5,17,20,137,4
155,1.918226,2.746071,0,0,2,144,155,190,3
755,1.922500,5.769400,0,0,72,705,753,2
69,1.925916,1.847545,0,1,2,5,17,35,69,116,121,135,164,186,9
369,1.929609,0.365474,0,-1,-1,235,239,371,3
315,1.931257,0.600040,0,1,21,206,239,247,248,250,371,6
17,1.935163,2.120289,0,1,2,10,17,20,66,109,137,6
804,1.966500,6.129800,0,-1,-1,705,1
20,1.970595,2.479919,0,1,2,10,20,46,61,63,66,114,155,190,196,10
702,1.973600,4.954200,0,1,71,702,711,735,761,786,793,813,7
792,1.977700,5.002600,0,1,71,702,711,719,735,750,761,786,793,813,824,10
66,1.983322,2.480926,0,1,2,10,20,46,61,63,66,114,155,190,196,10
809,1.984800,5.365100,0,1,72,702,796,801,811,822,825,831,7
813,1.988700,4.811400,0,1,70,700,702,711,719,750,761,786,793,813,824,10
751,1.993000,5.482400,0,1,72,701,722,737,753,779,784,796,801,811,821,822,833,12
572,1.997436,4.338694,0,-1,-1,572,1
711,2.006500,4.830400,0,1,70,700,702,711,719,750,761,786,793,813,824,10
701,2.010200,5.889200,0,0,72,705,1
366,2.012558,-0.068682,0,-1,-1,290,1
782,2.012700,5.220800,0,0,72,702,796,831,3
63,2.019761,2.741035,0,1,2,105,144,155,181,190,5
121,2.024979,1.756264,0,1,2,35,69,116,121,135,186,6
807,2.025100,5.990500,0,-1,-1,705,1
371,2.025559,0.646733,0,0,7,247,248,371,3
393,2.027299,0.041917,0,-1,-1,248,290,2
777,2.028800,6.004700,0,-1,-1,705,1
276,2.035539,-0.051561,0,0,8,290,1
135,2.041917,2.068468,0,1,2,10,17,69,109,116,121,135,137,164,186,10
825,2.047500,5.048200,0,1,72,702,707,711,713,719,750,761,786,793,813,824,11
364,2.048448,0.202872,0,-1,-1,235,247,248,250,4
811,2.066900,5.713700,0,0,72,701,703,742,807,4
740,2.069000,5.508300,0,0,72,701,796,811,822,4
833,2.069400,5.513900,0,0,72,701,796,811,822,4
703,2.073900,6.120200,0,-1,-1,705,806,2
805,2.078100,5.465300,0,1,72,796,811,822,825,831,5
788,2.092100,5.531000,0,0,72,701,796,811,822,4
841,2.094600,6.139700,0,-1,-1,705,806,2
783,2.100300,6.133500,0,-1,-1,705,806,2
843,2.100400,5.488000,0,0,72,796,811,822,831,4
186,2.100421,1.732002,0,1,2,35,69,121,135,186,5
288,2.113269,0.149220,0,0,8,235,247,248,3
831,2.115000,5.072500,0,1,72,702,707,711,713,719,750,761,786,793,813,824,831,12
225,2.123798,1.055895,0,0,5,225,610,2
791,2.135300,5.143800,0,1,72,702,707,711,713,719,750,761,786,793,814,815,824,831,13
757,2.136800,5.117200,0,1,72,702,707,711,713,719,750,761,768,786,793,814,815,824,831,14
786,2.145200,4.874200,0,1,70,700,702,711,713,719,757,761,786,791,792,793,796,813,817,819,824,825,831,18
784,2.152600,5.531600,0,1,72,716,796,801,811,822,5
761,2.159800,4.870100,0,1,70,700,702,711,713,719,757,761,786,791,792,793,796,813,817,819,824,825,831,18
247,2.161336,0.437346,0,0,7,234,247,248,371,4
824,2.171300,5.014100,0,1,70,700,702,707,711,713,719,744,750,761,786,793,813,824,831,14
793,2.173800,4.930200,0,1,70,700,702,707,711,713,719,733,744,750,761,786,793,813,824,835,15
61,2.175130,2.389279,0,0,2,0
796,2.185500,5.280700,0,1,70,707,722,737,750,761,767,779,781,786,793,796,801,814,815,824,827,831,17
123,2.188406,3.151204,0,1,3,2,27,92,115,140,144,6
345,2.200613,-0.093585,0,0,8,214,276,288,345,4
10,2.209555,2.269341,0,1,2,10,20,66,114,152,196,6
115,2.216697,3.003250,0,1,1,2,27,53,92,99,115,123,140,144,9
801,2.220700,5.517500,0,1,70,716,721,796,801,811,822,6
817,2.225900,5.221500,0,1,70,707,713,719,737,750,761,767,781,786,793,796,801,814,815,824,831,16
719,2.227500,4.861600,0,1,70,700,702,707,711,713,719,757,761,786,791,792,793,813,817,824,825,831,17
789,2.229900,6.189700,0,-1,-1,703,806,2
109,2.232810,2.231712,0,0,2,10,114,152,196,4
344,2.241081,0.369778,0,-1,-1,234,247,248,3
750,2.246700,4.945700,0,1,70,700,702,707,711,713,719,757,761,786,791,792,793,796,813,817,819,821,822,824,825,831,21
234,2.246941,0.728401,0,-1,-1,234,247,371,3
822,2.247000,5.385100,0,0,70,796,801,831,3
144,2.249748,2.807321,0,1,1,42,105,115,123,144,155,181,7
846,2.251500,6.050100,0,-1,-1,703,806,2
214,2.260125,0.195547,0,0,8,247,1
816,2.266000,5.696100,0,-1,-1,701,726,811,3
205,2.266167,0.112964,0,1,8,205,214,247,276,288,345,6
821,2.267300,5.328200,0,1,70,707,722,737,750,756,758,767,779,781,796,801,814,815,816,824,827,828,831,840,19
726,2.273800,6.112600,0,-1,-1,703,806,2
376,2.290521,0.317774,0,-1,-1,247,248,2
716,2.296800,5.828700,0,1,70,701,714,716,721,722,724,726,728,732,736,737,747,752,756,764,770,771,772,774,777,779,789,790,795,801,806,807,811,816,818,840,846,848,33
840,2.302000,5.670400,0,1,70,716,721,724,737,770,790,801,811,846,9
737,2.306000,5.576300,0,0,70,716,721,801,811,4
770,2.317500,5.768800,0,1,70,701,716,721,724,726,764,770,790,801,811,846,11
764,2.317800,6.173600,0,0,70,703,806,2
756,2.321300,5.661700,0,1,70,716,721,724,737,770,790,801,811,8
722,2.322100,5.586100,0,0,70,716,721,801,811,4
700,2.322200,4.729700,0,1,70,700,711,761,786,793,813,824,7
196,2.326014,2.402280,0,1,2,9,42,89,105,181,191,6
2,2.339381,3.233512,0,1,1,27,92,115,140,157,5
779,2.354500,5.555300,0,0,70,716,721,801,811,4
114,2.358333,2.488342,0,1,2,9,24,36,42,59,89,99,105,144,177,181,191,12
721,2.361700,5.821900,0,1,70,701,714,716,721,722,724,726,728,732,736,737,747,752,756,764,770,771,772,774,779,790,795,801,806,811,816,818,840,845,846,848,31
790,2.366100,5.845700,0,1,70,701,714,716,721,722,724,726,728,732,736,737,747,752,756,764,770,771,772,774,779,790,795,806,811,816,818,840,845,846,848,30
713,2.368800,4.930100,0,1,70,700,702,707,713,719,733,744,748,750,757,761,768,786,791,793,798,814,815,817,824,825,831,835,23
724,2.382800,6.014800,0,1,70,703,724,726,747,759,764,777,783,789,806,807,841,12
707,2.383500,5.152100,0,1,70,707,713,719,733,744,750,768,793,796,799,814,815,821,822,824,825,831,835,18
806,2.393500,6.162500,0,0,70,703,759,806,841,4
747,2.394600,6.166300,0,0,70,703,759,806,841,4
99,2.394681,2.819956,0,1,1,42,105,115,144,181,5
105,2.397153,2.696722,0,0,1,105,1
814,2.402800,5.277400,0,1,70,707,713,715,722,737,744,758,767,768,779,781,796,799,801,810,814,815,827,828,19
42,2.412534,2.670171,0,0,1,105,1
92,2.412900,2.971023,0,1,1,2,27,42,92,99,105,115,144,181,9
774,2.416900,5.833300,0,1,70,714,716,721,722,724,726,728,732,736,737,747,752,756,758,764,770,771,772,774,779,790,795,806,816,818,839,840,845,846,848,30
752,2.421300,5.746800,0,1,70,706,714,716,721,722,724,728,732,736,737,747,752,754,756,758,767,770,771,772,774,779,790,795,801,806,811,816,818,839,840,845,848,32
815,2.422600,5.233400,0,1,70,707,713,733,744,768,796,799,810,815,821,822,11
835,2.425700,4.749300,0,1,70,700,707,713,719,733,744,748,761,786,793,835,11
181,2.438810,2.723365,0,0,1,105,1
733,2.455300,4.828800,0,1,70,700,707,713,719,733,744,748,761,768,786,793,815,835,13
140,2.457213,3.019456,0,1,1,7,15,27,37,42,53,81,92,98,99,102,105,115,120,134,140,143,144,150,157,160,177,181,193,24
758,2.476800,5.447400,0,1,70,737,767,781,801,803,810,827,828,837,838,10
767,2.480100,5.363100,0,1,70,715,737,766,781,799,801,803,810,827,828,837,838,12
27,2.484497,3.060198,0,1,1,27,99,115,157,181,5
748,2.490900,4.772800,0,1,70,700,713,719,733,744,748,761,786,8
152,2.491638,2.394314,0,1,2,9,24,36,47,89,175,191,7
732,2.491800,5.827900,0,1,70,706,710,714,716,721,722,724,728,732,736,737,747,749,752,754,756,758,759,760,770,771,772,774,779,790,795,806,816,818,839,840,845,848,33
744,2.496400,4.960600,0,1,70,700,707,713,715,719,731,733,744,748,750,761,767,768,781,786,793,798,799,814,815,824,835,22
772,2.508600,5.847000,0,1,70,706,710,714,716,721,722,724,728,732,736,747,749,752,754,756,758,759,760,770,771,772,774,779,790,795,806,816,818,839,840,845,848,32
157,2.523499,3.386685,0,0,1,27,140,169,3
728,2.531900,5.933100,0,1,70,710,714,716,721,724,726,728,732,736,747,749,752,759,760,770,771,772,774,790,795,806,818,839,845,846,848,26
53,2.533937,2.938429,0,1,1,7,15,19,27,37,42,50,53,59,65,78,81,92,98,99,102,105,115,120,134,140,143,144,146,150,160,177,181,193,29
150,2.555361,2.811625,0,1,1,7,19,27,29,42,50,53,59,65,78,92,98,99,102,105,120,134,140,143,144,146,150,160,177,181,192,193,27
610,2.560900,1.064800,0,1,61,582,584,589,597,602,603,606,608,610,633,637,639,649,654,658,665,688,17
768,2.561000,5.092600,0,1,70,707,713,723,731,733,744,748,757,768,798,799,810,814,815,14
736,2.562700,5.918200,0,1,70,710,714,716,721,724,728,732,736,747,749,752,754,759,760,770,771,772,774,790,795,806,818,839,845,846,848,26
589,2.563200,1.353900,0,1,61,84,582,589,593,608,610,612,637,642,648,649,657,658,663,684,686,699,17
84,2.566988,1.667821,0,0,61,84,622,2
781,2.568400,5.284900,0,1,70,799,803,810,837,838,5
59,2.584658,2.652593,0,1,1,7,9,14,24,29,30,32,36,42,47,50,53,59,78,89,99,102,105,129,134,143,146,150,160,175,177,181,191,193,29
177,2.587588,2.708991,0,1,1,7,9,14,19,24,29,30,32,36,42,50,53,59,78,89,92,99,102,105,120,134,140,143,144,146,150,160,177,181,191,193,31
845,2.589000,5.995200,0,1,70,721,724,726,747,749,759,764,806,846,9
692,2.607000,1.124500,0,1,67,619,637,649,654,657,658,665,684,688,9
160,2.613132,2.772439,0,1,1,7,9,14,19,24,27,29,30,32,36,42,50,53,59,65,78,81,89,92,98,99,102,105,120,134,140,143,144,146,150,160,177,181,192,193,35
827,2.616100,5.296700,0,0,70,810,838,2
639,2.617600,0.942700,0,1,61,618,633,646,665,687,5
608,2.624500,1.183900,0,1,61,619,636,637,644,649,654,657,658,684,688,10
828,2.625700,5.326300,0,0,70,810,838,2
749,2.628800,6.093700,0,1,70,724,726,747,749,759,764,806,846,8
689,2.633000,1.187700,0,1,66,619,636,637,644,649,654,657,658,684,688,10
9,2.634098,2.410794,0,1,1,9,24,36,47,89,175,191,194,8
771,2.635800,5.817800,0,1,70,706,710,714,716,721,728,732,736,749,752,754,759,760,770,771,772,774,790,795,797,818,834,839,845,848,849,26
818,2.640000,5.749000,0,1,70,706,710,714,716,721,728,732,736,749,752,754,756,759,760,770,771,772,774,790,795,797,810,812,816,818,828,832,834,836,838,839,840,845,848,849,35
582,2.643100,1.268700,0,1,57,612,619,636,637,642,648,649,654,657,658,663,684,688,699,14
799,2.653300,5.173700,0,1,70,799,803,810,837,838,5
193,2.654332,2.930189,0,1,1,7,15,18,19,27,29,37,38,50,53,59,65,76,78,81,92,96,98,99,102,120,134,140,143,146,150,160,177,181,192,193,31
848,2.656000,5.909300,0,1,70,706,710,714,716,721,724,728,732,736,749,752,754,759,760,771,772,774,790,795,818,839,845,848,849,24
795,2.665000,5.862300,0,1,70,706,710,714,716,721,724,728,732,736,749,752,754,759,760,770,771,772,774,790,795,818,834,839,845,848,849,26
593,2.667200,1.475700,0,1,61,84,581,582,584,589,593,602,608,609,612,613,615,616,622,630,637,642,648,649,650,653,657,658,660,663,676,678,684,686,694,699,31
658,2.667800,1.184900,0,1,57,612,619,636,637,644,648,649,654,657,658,665,684,688,13
686,2.679800,1.209900,0,1,61,612,619,636,637,642,644,648,649,654,657,658,663,665,684,688,699,16
585,2.680200,1.024000,0,1,59,599,619,633,637,646,665,687,688,8
715,2.682500,5.137700,0,1,70,799,803,810,837,838,5
120,2.684088,3.011216,0,1,1,7,15,18,19,27,29,37,38,50,53,65,76,78,81,92,96,98,102,120,134,140,143,146,150,156,160,177,192,193,29
602,2.686000,1.330200,0,1,61,612,619,622,636,637,642,648,649,654,657,658,663,675,684,688,699,16
102,2.688025,2.837901,0,1,1,7,14,15,19,24,27,29,30,32,36,37,38,39,42,50,53,59,65,78,81,89,92,96,98,99,100,102,105,120,134,140,143,146,150,160,177,181,192,193,39
714,2.689400,5.856600,0,1,70,706,710,714,716,721,728,732,736,749,752,754,759,760,771,772,774,790,795,797,818,834,839,845,848,849,25
676,2.694100,1.481100,0,1,61,84,581,582,584,589,593,602,608,609,612,613,615,616,622,630,637,640,642,648,649,650,653,657,658,660,663,676,678,684,686,694,699,32
695,2.695400,1.065900,0,1,69,619,633,637,665,687,688,6
810,2.695500,5.389400,0,0,70,838,1
759,2.696800,6.027400,0,1,70,724,747,749,759,806,5
134,2.704230,2.827280,0,1,1,7,14,15,19,24,29,30,32,36,37,38,39,42,50,53,59,65,78,81,89,92,96,98,99,100,102,105,120,134,140,143,146,150,160,177,181,191,192,193,39
615,2.705000,1.580100,0,1,61,84,581,582,584,589,593,602,612,613,615,616,622,626,629,642,648,649,650,653,657,658,660,676,678,684,686,694,27
89,2.707251,2.447600,0,1,1,9,24,30,36,47,89,149,175,191,194,10
839,2.707600,5.713500,0,1,70,706,710,714,728,732,736,752,754,756,759,760,770,771,772,774,795,797,810,812,818,826,832,834,836,837,838,839,840,845,848,849,31
191,2.709815,2.390561,0,1,1,9,24,36,47,89,149,175,191,194,9
175,2.712561,2.337275,0,1,1,9,24,36,47,89,149,175,191,194,9
650,2.718200,1.541900,0,1,61,612,613,622,637,642,648,649,657,658,660,669,684,699,13
47,2.720985,2.346248,0,1,1,9,24,36,47,89,149,175,191,194,9
798,2.730100,5.012600,0,1,70,713,723,731,744,768,798,799,803,810,9
649,2.732600,1.294600,0,1,57,612,619,620,622,636,637,644,645,649,654,657,663,675,688,14
24,2.735176,2.449980,0,1,1,9,24,30,36,47,89,149,175,191,194,10
836,2.737100,5.439700,0,0,70,838,1
616,2.739000,1.394100,0,1,61,612,613,619,622,631,636,637,645,657,663,675,688,12
706,2.740600,5.641200,0,1,70,706,710,714,732,752,754,756,759,760,762,766,771,772,795,797,803,810,812,818,826,828,832,834,836,837,838,839,848,849,29
7,2.746071,2.881115,0,1,1,7,14,15,18,19,24,27,29,30,32,36,37,38,39,50,53,59,65,74,76,78,81,92,96,98,99,100,102,120,134,140,143,146,150,156,160,177,192,193,39
665,2.749100,0.833700,0,0,57,625,643,655,680,4
760,2.755700,6.006900,0,1,70,706,710,714,724,728,732,736,749,754,759,760,771,772,795,818,834,839,845,848,849,20
588,2.758100,1.059800,0,1,60,599,618,619,633,634,636,637,644,646,665,687,688,690,13
710,2.759100,5.972900,0,0,70,710,724,749,759,4
36,2.762185,2.475341,0,1,1,9,24,30,32,36,47,89,129,149,175,191,194,12
657,2.762700,1.386600,0,1,57,612,613,619,622,631,636,637,645,657,663,675,688,12
812,2.764700,5.457000,0,0,70,838,1
684,2.765900,1.349800,0,1,57,612,613,619,622,631,636,637,644,645,657,663,675,688,13
754,2.766200,5.680100,0,1,70,706,710,714,732,736,752,754,759,760,762,766,771,772,795,797,803,810,812,818,826,832,834,836,837,838,839,848,849,28
584,2.770000,1.225100,0,1,58,612,619,620,622,633,636,637,644,665,666,675,687,688,13
169,2.772988,3.315912,0,1,4,15,37,38,81,98,120,143,169,188,9
143,2.773629,2.889630,0,1,1,7,14,15,18,19,29,30,32,36,37,38,39,50,53,59,65,74,76,78,81,92,96,98,99,100,102,120,134,140,143,146,150,156,160,177,192,193,37
838,2.781000,5.446000,0,0,70,838,1
188,2.785348,3.730201,0,0,4,77,131,169,188,4
50,2.788827,2.815561,0,1,1,7,14,15,18,19,24,29,30,32,36,37,38,39,50,53,59,65,74,76,78,81,89,96,98,99,100,102,120,129,134,143,146,150,156,160,177,181,192,193,194,40
98,2.794412,2.961592,0,1,1,7,14,15,18,19,27,29,30,32,37,38,39,50,53,65,74,76,78,81,92,96,98,100,102,120,134,140,143,146,150,156,160,192,193,34
146,2.797983,2.840190,0,1,1,7,14,15,18,19,29,30,32,36,37,38,39,50,53,59,65,74,76,78,81,96,98,99,100,102,120,129,134,143,146,150,156,160,177,192,193,194,37
731,2.798100,4.989100,0,0,70,715,731,799,803,4
29,2.799814,2.734718,0,1,1,7,14,15,19,24,29,30,32,36,37,38,39,50,59,65,78,81,89,96,98,100,102,105,110,120,129,134,143,146,150,160,177,181,191,192,193,194,37
78,2.805124,2.793954,0,1,1,7,14,15,18,19,24,29,30,32,36,37,38,39,50,53,59,65,74,76,78,81,89,96,98,99,100,102,110,120,129,134,143,146,150,156,160,177,181,192,193,194,41
803,2.811100,5.358000,0,0,70,838,1
661,2.813000,0.747300,0,-1,-1,625,655,680,3
19,2.815287,2.893017,0,1,1,7,14,15,18,19,29,30,32,37,38,39,50,53,65,74,76,78,81,96,98,100,102,120,129,134,143,146,150,156,160,177,192,193,33
38,2.817301,3.156148,0,1,1,3,7,8,15,18,19,27,29,37,38,44,50,51,52,54,62,65,76,78,81,94,98,102,104,120,122,125,133,134,143,146,156,162,165,169,185,192,193,38
654,2.820000,1.024800,0,1,57,579,591,594,601,617,634,635,659,664,667,690,11
678,2.822400,1.522800,0,0,61,622,636,637,669,4
837,2.826300,5.435000,0,0,70,838,1
648,2.834300,1.465300,0,1,57,622,631,636,637,645,669,6
603,2.834400,0.906400,0,1,61,607,625,643,655,679,680,6
637,2.838900,1.230200,0,1,57,592,612,619,620,622,633,636,637,642,644,645,648,649,654,657,658,663,666,675,683,684,687,688,697,699,25
723,2.845700,5.119100,0,1,70,723,731,799,803,810,837,838,7
693,2.848700,0.909100,0,1,68,607,625,643,655,679,680,698,7
15,2.849528,2.990066,0,1,0,1,7,8,14,15,18,19,26,27,29,30,32,37,38,39,44,50,51,52,53,54,62,65,74,76,78,81,94,96,98,100,102,119,120,125,133,134,140,143,146,156,162,165,169,178,192,193,47
81,2.851543,2.983566,0,1,0,1,7,8,14,15,18,19,26,27,29,30,32,37,38,39,50,51,52,53,54,62,65,74,76,78,81,94,96,98,100,102,119,120,125,133,134,140,143,146,156,160,162,165,169,178,192,193,47
834,2.856900,5.659700,0,1,70,710,762,766,803,810,832,837,838,8
597,2.857800,1.001800,0,1,61,579,591,601,617,625,635,659,664,690,9
688,2.861000,1.169400,0,1,57,583,599,612,618,619,620,622,633,634,636,637,644,645,646,675,677,688,690,18
622,2.862500,1.537100,0,1,57,622,624,631,636,637,645,669,7
766,2.863400,5.343400,0,0,70,810,837,838,3
797,2.867300,5.600300,0,0,70,810,837,838,3
14,2.868755,2.639683,0,1,0,7,14,15,19,24,29,30,32,36,37,39,47,50,59,65,78,81,89,96,98,100,102,110,129,134,143,146,160,177,191,192,194,32
612,2.873600,1.421700,0,1,57,612,613,619,620,622,631,636,637,644,645,669,675,12
596,2.882900,0.894200,0,1,62,607,625,643,655,656,679,680,691,698,9
826,2.886000,5.534500,0,0,70,810,837,838,3
606,2.887900,1.012000,0,1,61,579,591,601,604,617,625,635,643,659,662,664,690,698,13
37,2.888989,3.010208,0,1,0,1,3,7,8,14,15,18,19,26,29,30,32,37,38,39,44,50,51,52,53,54,62,65,72,74,76,78,81,90,94,96,98,100,102,104,119,120,125,133,134,140,143,146,156,162,165,169,178,182,185,192,193,52
633,2.891000,0.951400,0,1,57,607,625,643,655,664,679,680,698,8
194,2.894391,2.502533,0,1,0,9,14,24,29,30,32,36,47,50,65,78,89,110,129,146,149,175,191,192,194,20
619,2.896300,1.205900,0,1,57,583,592,599,618,619,620,622,631,633,634,636,637,644,645,646,677,690,17
30,2.907117,2.647374,0,1,0,7,14,15,19,24,29,30,32,36,37,39,50,59,65,78,81,89,96,98,100,102,103,110,128,129,134,143,146,149,160,177,192,194,33
687,2.907700,0.929500,0,1,57,607,625,638,643,655,656,664,679,680,698,10
667,2.908200,0.746200,0,0,57,607,655,2
849,2.908900,5.715500,0,1,70,710,762,766,832,837,838,6
65,2.910321,2.896588,0,1,0,7,14,15,18,19,26,29,30,32,37,38,39,50,51,52,53,54,62,65,74,76,78,81,94,96,98,100,102,110,119,120,125,129,133,134,143,146,150,156,160,162,165,178,192,193,194,46
832,2.915800,5.604200,0,1,70,766,803,810,837,838,5
660,2.919800,1.552800,0,1,61,624,631,636,637,645,669,6
642,2.921000,1.400500,0,1,57,612,613,619,620,621,622,631,636,637,642,644,645,648,649,657,663,666,669,671,675,688,699,22
192,2.923139,2.828928,0,1,0,7,14,15,18,19,29,30,32,37,38,39,50,65,74,76,78,81,96,98,100,102,110,120,128,129,134,143,146,150,156,160,192,193,194,34
54,2.929548,3.161733,0,1,0,1,3,8,15,16,18,19,37,38,39,44,51,52,54,57,62,65,72,74,76,81,90,94,96,98,100,104,119,120,122,125,132,133,143,156,161,162,165,169,178,185,192,42
672,2.937500,0.748400,0,1,65,607,647,655,656,679,5
11,2.938520,4.243461,0,-1,-1,11,31,127,3
149,2.943556,2.240318,0,1,0,24,30,36,47,89,149,175,191,194,9
653,2.948100,1.563800,0,1,61,624,631,636,637,644,645,669,7
581,2.954400,1.598900,0,1,56,624,631,636,645,669,5
594,2.960500,0.743800,0,1,57,607,647,655,656,679,5
699,2.960900,1.348300,0,1,57,583,592,612,613,619,620,621,622,631,636,637,644,645,663,666,669,671,675,683,688,20
646,2.965200,0.876600,0,0,57,607,656,664,3
630,2.971000,1.364400,0,1,61,592,612,613,619,620,621,622,631,636,637,644,645,663,666,669,671,675,683,688,19
32,2.973952,2.696356,0,1,0,7,14,15,18,19,29,30,32,36,37,39,50,59,65,74,76,78,81,96,98,100,102,103,110,128,129,134,143,146,156,160,177,192,194,34
613,2.974300,1.546600,0,1,57,621,624,631,636,644,645,669,7
762,2.975200,5.512300,0,1,70,766,803,810,837,838,5
636,2.976200,1.244700,0,1,56,579,583,591,592,599,601,612,613,617,618,619,620,622,628,631,633,634,636,637,642,644,645,646,648,649,654,657,658,663,666,669,671,675,677,682,683,684,685,687,688,690,696,697,699,44
694,2.978400,1.592100,0,0,61,0
663,2.981200,1.344500,0,1,56,583,592,612,613,619,620,621,622,628,631,636,637,644,645,663,666,669,671,675,683,688,21
629,2.990000,1.649500,0,0,61,0
162,2.992813,3.088488,0,1,0,1,3,8,12,15,16,18,19,26,32,37,38,39,41,44,51,52,54,62,65,72,74,76,81,90,94,96,98,100,104,119,120,122,125,129,132,133,143,146,156,162,165,169,173,178,182,185,192,195,49
165,2.996384,3.115223,0,1,0,1,3,4,8,12,15,16,18,19,26,32,37,38,39,44,51,52,54,57,62,65,72,74,76,81,90,91,94,96,98,100,104,119,120,122,125,132,133,143,156,161,162,165,169,173,178,182,185,192,195,50
156,2.996475,3.052416,0,1,0,1,3,7,8,12,15,18,19,26,32,37,38,39,41,44,50,51,52,54,62,65,72,74,76,78,81,90,94,95,96,98,100,104,119,120,122,125,129,133,143,146,156,162,165,173,178,182,185,192,195,50
601,2.996600,0.844400,0,0,56,656,664,2
600,2.999400,1.112900,0,1,63,579,591,592,601,604,617,625,635,643,659,662,664,674,680,690,698,16
18,3.001328,3.005997,0,1,0,1,3,7,8,12,15,18,19,26,32,37,38,39,44,50,51,52,54,62,65,72,74,76,78,81,90,94,95,96,98,100,104,110,119,120,122,125,129,133,143,146,156,162,165,178,182,185,192,193,195,50
129,3.004074,2.656713,0,1,0,14,18,19,29,30,32,36,39,50,59,65,74,76,78,96,100,103,110,128,129,146,156,192,194,24
52,3.015519,3.216941,0,1,0,1,3,4,8,12,15,16,18,37,38,39,44,51,52,54,57,62,65,72,74,76,81,87,90,91,94,96,100,104,119,122,124,125,132,133,142,154,156,161,162,163,165,169,178,185,187,195,47
39,3.017533,2.841655,0,1,0,1,7,8,14,15,18,19,26,29,30,32,37,39,44,50,51,52,54,62,65,74,76,78,81,94,96,98,100,102,110,119,125,128,129,133,134,143,146,148,156,162,165,178,192,44
618,3.022200,0.906600,0,0,56,595,607,656,664,4
8,3.022935,3.244224,0,1,0,1,3,4,8,15,16,18,22,34,37,38,39,44,51,52,54,57,62,72,74,76,81,87,90,91,94,96,100,104,119,122,124,125,132,133,142,154,156,161,162,163,165,169,178,185,187,46
644,3.023900,1.193900,0,1,56,579,583,591,592,599,601,617,618,625,628,634,635,636,637,644,645,646,659,662,664,669,674,677,685,690,696,26
96,3.027696,2.906568,0,1,0,1,3,7,8,14,15,18,19,26,29,30,32,37,39,44,50,51,52,54,62,65,72,74,76,78,81,90,94,95,96,98,100,102,104,110,119,120,125,128,129,133,134,143,146,148,156,162,165,178,182,185,192,193,53
94,3.032090,3.086383,0,1,0,1,3,4,8,12,15,16,18,19,26,32,37,38,39,41,44,51,52,54,57,62,65,72,74,76,81,90,91,94,95,96,98,100,104,119,120,122,125,132,133,156,161,162,165,173,178,182,185,192,195,50
682,3.034800,1.241300,0,1,56,579,580,583,591,592,599,601,612,613,617,618,619,620,628,631,633,634,635,636,637,644,645,646,659,664,666,669,671,675,677,685,688,690,696,34
609,3.036100,1.434800,0,1,61,592,621,623,627,636,637,645,669,673,9
625,3.038100,0.776000,0,0,56,607,656,664,3
626,3.043300,1.648200,0,0,61,0
131,3.045457,3.725257,0,-1,-1,77,188,2
579,3.046600,0.890600,0,0,56,595,656,664,3
604,3.047800,0.725200,0,1,61,607,647,655,656,679,698,6
675,3.048600,1.358000,0,1,56,580,583,592,599,623,627,628,634,645,669,673,677,685,690,14
599,3.057300,0.958400,0,0,56,595,607,656,664,4
76,3.058275,2.963149,0,1,0,1,3,7,8,12,15,18,19,26,32,37,38,39,44,50,51,52,54,62,65,72,74,76,78,81,90,94,95,96,98,100,104,110,119,120,122,125,128,129,133,143,146,148,156,162,165,178,182,185,192,193,195,52
100,3.058641,2.859142,0,1,0,1,3,7,8,14,15,18,19,26,29,30,32,37,39,44,50,51,52,54,62,65,72,74,76,78,81,90,94,95,96,98,100,102,104,110,119,125,128,129,133,134,143,146,148,156,162,165,178,182,185,192,51
51,3.065783,2.989334,0,1,0,1,3,7,8,12,15,18,19,26,32,37,38,39,41,44,51,52,54,62,65,72,74,76,81,90,94,95,96,98,100,104,110,119,120,122,125,128,129,133,143,146,148,156,162,165,173,178,182,185,192,195,51
142,3.066973,3.531343,0,1,0,3,8,34,44,52,57,60,62,77,82,104,124,131,142,161,163,168,179,185,187,20
110,3.067614,2.632267,0,0,0,103,110,128,129,4
3,3.067888,3.272515,0,1,0,1,3,4,8,12,16,18,22,34,37,38,44,51,52,54,57,62,72,74,76,87,90,91,94,96,100,104,119,122,124,125,132,133,142,154,156,161,162,163,165,169,178,179,185,187,195,46
640,3.072500,1.420100,0,0,61,669,673,2
104,3.077044,3.235527,0,1,0,1,3,4,8,12,16,18,22,26,34,37,38,44,51,52,54,57,62,72,74,76,87,90,91,94,96,100,104,119,122,124,125,132,133,142,154,156,161,162,163,165,169,173,178,184,185,187,195,48
617,3.077200,0.901500,0,0,56,595,656,664,3
125,3.079424,3.077868,0,1,0,1,3,4,8,12,15,16,18,19,26,37,38,39,41,44,51,52,54,57,62,65,72,74,76,81,90,91,94,95,96,98,100,104,119,122,124,125,132,133,154,156,161,162,165,171,173,178,182,184,185,187,192,195,53
185,3.083178,3.240837,0,1,0,1,3,4,8,12,16,18,22,26,34,37,38,44,51,52,54,57,62,72,74,76,87,90,91,94,96,100,104,119,122,124,125,132,133,142,154,156,161,162,163,165,169,173,178,179,184,185,187,195,49
659,3.089500,0.895200,0,0,56,595,656,664,3
62,3.093066,3.129780,0,1,0,1,3,4,8,12,15,16,18,26,37,38,39,41,44,51,52,54,57,62,65,72,74,76,81,87,90,91,94,95,96,100,104,119,122,124,125,132,133,142,154,156,161,162,163,165,173,178,182,184,185,187,195,52
74,3.095080,2.917920,0,1,0,1,3,7,8,12,15,18,19,26,32,37,39,44,50,51,52,54,62,65,72,74,76,78,81,90,94,95,96,98,100,104,110,119,122,125,128,129,133,143,146,148,156,162,165,178,182,185,192,195,49
668,3.099000,0.712400,0,-1,-1,607,656,664,3
133,3.102863,3.114399,0,1,0,1,3,4,8,12,15,16,18,26,37,38,39,41,44,51,52,54,57,62,65,72,74,76,81,87,90,91,94,95,96,100,104,119,122,124,125,132,133,154,156,161,162,163,165,171,173,178,182,184,185,187,195,52
591,3.110700,0.955400,0,0,56,595,656,664,3
634,3.112400,0.994600,0,0,56,595,607,656,664,4
31,3.115223,4.262139,0,-1,-1,11,31,2
645,3.117200,1.350900,0,1,56,580,591,592,627,628,635,652,669,673,677,685,690,696,13
44,3.119800,3.169698,0,1,0,1,3,4,8,12,15,16,18,22,26,34,37,38,39,41,44,51,52,54,57,62,72,74,76,87,90,91,94,95,96,100,104,106,119,122,124,125,132,133,136,142,154,156,161,162,163,165,173,178,180,182,184,185,187,195,55
620,3.128700,1.245200,0,1,56,628,643,662,664,669,680,698,7
635,3.129600,0.936000,0,0,56,595,656,664,3
655,3.133000,0.791900,0,0,57,595,656,664,3
669,3.136400,1.523400,0,0,56,0
680,3.149600,0.823500,0,0,56,595,656,664,3
631,3.153500,1.385300,0,0,56,669,673,2
666,3.157300,1.266500,0,1,56,628,643,662,664,669,673,679,681,698,9
586,3.157600,1.456000,0,-1,-1,0
127,3.158528,4.194937,0,-1,-1,11,31,127,3
643,3.161700,0.855600,0,0,56,595,656,664,3
683,3.164900,1.141700,0,1,56,595,607,614,628,632,638,643,647,655,656,662,664,669,679,680,681,690,691,698,19
119,3.174734,3.003067,0,1,0,1,3,4,8,12,15,16,18,26,37,39,41,44,51,52,54,57,62,65,72,74,76,81,87,90,91,94,95,96,98,100,104,119,122,124,125,128,132,133,148,154,156,161,162,163,165,171,173,178,182,184,185,187,192,195,55
690,3.178000,1.039900,0,0,56,595,607,656,664,4
697,3.186400,1.300700,0,1,56,662,664,669,673,698,5
583,3.187900,1.127600,0,1,56,595,607,614,628,632,638,643,647,655,656,662,664,669,679,680,681,690,691,698,19
607,3.190200,0.847700,0,0,56,595,656,664,3
57,3.200095,3.341090,0,1,0,1,3,4,8,12,16,22,26,34,43,44,52,54,55,57,60,62,72,77,82,87,90,91,94,104,119,122,124,125,132,133,142,154,161,163,165,168,173,178,179,180,184,185,187,195,45
124,3.201285,3.398129,0,1,0,1,3,4,8,12,16,22,26,34,43,44,52,57,60,62,72,77,82,87,90,91,104,119,122,124,125,132,133,142,154,158,161,163,168,173,178,179,185,187,195,40
671,3.201700,1.436700,0,0,56,0
161,3.207785,3.330836,0,1,0,1,3,4,8,12,16,22,26,34,43,44,52,54,55,57,60,62,72,77,82,87,90,91,94,104,119,122,124,125,132,133,142,154,161,163,165,168,169,173,178,179,180,182,184,185,187,195,47
178,3.208426,3.031816,0,1,0,1,3,4,8,15,18,37,39,44,51,52,54,57,62,65,74,76,81,90,91,94,96,100,104,119,122,124,125,128,132,133,154,156,161,162,163,165,178,185,187,40
605,3.211900,1.314300,0,1,64,662,664,669,673,679,698,6
77,3.212088,3.750984,0,0,0,77,188,2
598,3.215700,1.621500,0,-1,-1,0
163,3.233055,3.377255,0,1,0,1,3,4,8,12,16,22,26,34,43,44,52,55,57,60,62,72,77,82,87,90,91,104,119,122,124,132,133,138,142,154,158,161,163,168,173,178,179,180,184,185,187,195,43
122,3.234336,3.186087,0,1,0,1,3,4,8,12,16,18,22,25,26,34,38,41,43,44,51,52,54,57,62,70,72,74,76,87,90,91,94,95,104,106,119,122,124,125,132,133,136,145,148,154,156,161,162,163,165,171,172,173,176,178,179,180,182,184,185,187,195,58
1,3.234519,3.032182,0,1,0,1,3,4,8,15,18,22,34,37,39,44,51,52,54,57,62,74,76,81,90,91,94,96,100,104,119,122,124,125,128,132,133,154,156,161,162,163,165,178,185,187,41
90,3.235984,3.104053,0,1,0,1,3,4,8,12,16,18,22,25,26,34,37,41,44,51,52,54,57,62,72,74,76,87,90,91,94,95,96,100,104,106,119,122,124,125,128,132,133,136,148,154,156,161,162,163,165,171,173,178,179,180,182,184,185,187,195,56
679,3.236800,0.898200,0,0,56,595,664,2
128,3.240745,2.722175,0,1,0,1,12,26,51,72,90,95,119,128,148,178,182,195,13
168,3.245048,3.634434,0,0,0,77,85,2
664,3.246900,1.003500,0,0,56,595,664,2
26,3.252739,3.002152,0,1,0,1,4,15,18,22,37,39,44,51,57,62,65,74,76,81,90,91,94,96,100,103,104,119,122,124,125,128,132,133,154,156,161,162,163,165,178,185,187,38
187,3.254204,3.328455,0,1,0,1,3,4,8,12,16,22,26,34,41,43,44,52,55,57,60,62,72,82,87,90,91,95,104,119,122,124,125,132,133,136,142,154,158,161,163,168,172,173,178,179,180,182,184,185,187,195,47
592,3.257400,1.238700,0,1,56,595,632,638,647,656,662,664,669,673,679,691,698,12
656,3.261300,0.844000,0,0,56,595,664,2
698,3.263400,0.942000,0,0,56,595,664,2
611,3.265900,1.376300,0,-1,-1,664,1
624,3.266100,1.548600,0,0,56,0
72,3.275536,3.071001,0,1,0,1,3,4,8,12,16,18,22,25,26,34,37,41,44,51,52,54,57,62,72,74,76,87,90,91,94,95,96,100,104,106,119,122,124,125,128,132,133,136,145,148,154,156,161,162,163,165,171,173,178,179,180,182,184,185,187,195,57
103,3.278008,2.598025,0,1,0,26,95,103,128,148,5
647,3.283400,0.822600,0,0,56,595,664,2
691,3.283500,0.845700,0,0,56,595,664,2
91,3.289636,3.267296,0,1,0,1,3,4,8,12,16,22,25,26,34,41,43,44,45,52,55,57,60,62,70,72,82,87,90,91,94,95,104,106,119,122,124,125,132,133,136,145,148,154,161,163,165,168,171,172,173,178,179,180,182,184,185,187,195,54
677,3.290300,1.185100,0,1,56,595,607,632,638,647,656,662,664,8
179,3.306482,3.462127,0,1,0,3,4,12,16,22,34,40,43,57,60,72,77,82,87,90,91,122,124,132,138,142,154,158,161,163,168,173,179,184,185,187,195,32
641,3.306800,1.567800,0,-1,-1,0
12,3.307581,3.077136,0,1,0,1,3,4,12,16,18,22,25,26,34,41,44,51,52,57,62,70,72,74,76,87,90,91,94,95,104,106,119,122,124,125,128,132,133,136,145,148,154,156,161,162,163,165,171,172,173,176,178,179,180,182,184,185,187,195,55
587,3.311100,1.399100,0,-1,-1,0
132,3.311518,3.196341,0,1,0,1,3,4,8,12,16,22,25,26,34,41,43,44,45,52,54,55,57,60,62,70,72,82,87,90,91,94,95,104,106,119,122,124,125,132,133,136,145,148,154,161,162,163,165,171,172,173,176,178,179,180,182,184,185,187,195,56
662,3.311900,1.034600,0,0,56,595,664,2
621,3.316800,1.441200,0,0,56,0
195,3.320032,3.080798,0,1,0,1,3,4,12,16,18,22,25,26,34,41,44,51,52,57,62,70,72,74,76,87,90,91,94,95,104,106,119,122,124,125,128,132,133,136,145,148,154,156,161,162,163,165,171,172,173,176,178,179,180,182,184,185,187,195,55
638,3.321500,0.927600,0,0,56,595,664,2
34,3.326075,3.389431,0,1,0,1,3,4,8,12,16,22,34,40,41,43,44,55,57,60,72,82,87,90,91,93,95,104,122,124,132,136,138,142,154,158,161,163,168,172,173,179,180,182,184,185,187,195,43
182,3.334407,3.013596,0,1,0,1,4,12,16,18,22,25,26,34,37,41,44,51,62,72,74,76,87,90,91,94,95,96,100,106,119,122,125,128,132,133,136,145,148,154,156,161,162,165,166,171,173,178,180,182,184,187,195,48
95,3.335414,2.976608,0,1,0,1,4,12,16,18,22,26,34,41,44,51,62,72,74,76,87,90,91,94,95,96,100,103,106,119,122,125,128,132,133,136,148,154,156,166,171,173,178,180,182,184,187,195,43
670,3.336100,1.509300,0,-1,-1,0
4,3.337977,3.214286,0,1,0,1,3,4,8,12,16,22,25,26,34,41,43,44,45,52,55,57,60,62,70,72,82,87,90,91,94,95,104,106,119,122,124,125,132,133,136,145,148,151,154,161,163,165,171,172,173,176,178,179,180,182,184,185,187,195,55
154,3.340632,3.259880,0,1,0,1,3,4,8,12,16,22,25,26,34,41,43,44,45,52,55,57,60,62,70,72,82,87,90,91,95,104,106,119,122,124,125,132,133,136,145,148,154,158,161,163,171,172,173,176,178,179,180,182,184,185,187,195,53
628,3.341100,1.258700,0,0,56,664,1
651,3.350200,1.555200,0,-1,-1,0
681,3.355500,1.017500,0,0,56,595,664,2
16,3.360591,3.146077,0,1,0,1,3,4,8,12,16,22,25,26,34,41,43,44,45,52,54,55,57,60,62,70,72,82,87,90,91,94,95,104,106,119,122,124,125,132,133,136,145,148,154,161,162,163,165,171,172,173,176,178,179,180,182,184,185,187,195,56
148,3.362239,2.910504,0,1,0,1,4,12,16,22,26,41,51,72,87,90,91,95,103,106,119,122,128,132,136,148,154,166,171,173,178,182,184,195,29
60,3.367641,3.577944,0,1,0,16,40,43,48,77,85,87,138,158,9
595,3.368300,0.973600,0,0,56,595,664,2
173,3.369289,3.120167,0,1,0,1,4,12,16,22,25,26,34,41,43,44,45,51,55,57,62,70,72,82,87,90,91,94,95,104,106,119,122,124,125,132,133,136,145,148,154,156,161,162,163,165,171,172,173,176,178,179,180,182,184,185,187,195,53
674,3.381700,1.120800,0,0,56,595,664,2
685,3.383000,1.254400,0,0,56,664,1
696,3.384400,1.237700,0,0,56,664,1
614,3.392400,1.037500,0,0,56,595,664,2
673,3.400300,1.432000,0,0,56,0
623,3.401600,1.386100,0,0,56,0
22,3.402707,3.298334,0,1,0,1,3,4,8,12,16,22,25,26,34,40,41,43,44,45,55,57,60,70,72,82,87,90,91,93,95,104,106,122,124,132,136,138,145,148,151,154,158,161,163,171,172,173,176,179,180,182,184,185,187,195,51
41,3.414609,3.078967,0,1,0,1,4,12,16,22,25,26,34,41,43,44,45,51,55,62,70,72,82,87,90,91,94,95,106,119,122,125,132,133,136,145,148,154,156,162,166,171,172,173,176,178,180,182,184,187,195,46
87,3.419828,3.199820,0,1,0,1,3,4,8,12,16,22,25,26,34,41,43,44,45,52,55,57,60,62,70,72,82,87,90,91,95,104,106,119,122,124,126,132,133,136,138,145,148,151,154,158,161,163,171,172,173,176,178,179,180,182,184,185,187,195,55
632,3.421500,0.953200,0,0,56,595,664,2
580,3.423600,1.291700,0,0,56,0
627,3.430600,1.382900,0,0,56,0
590,3.434800,1.361000,0,-1,-1,0
184,3.439787,3.152211,0,1,0,1,4,12,16,22,25,26,34,41,43,44,45,55,57,62,70,72,82,87,90,91,95,104,106,119,122,125,126,132,133,136,145,148,151,154,158,161,163,171,172,173,176,178,179,180,182,184,185,187,195,50
82,3.440977,3.477416,0,1,0,16,40,41,43,45,48,55,85,87,93,106,136,138,158,172,173,180,184,18
652,3.476400,1.269500,0,0,56,0
171,3.493622,3.076952,0,1,0,1,4,12,16,22,25,26,41,43,45,55,70,72,87,90,91,95,106,119,122,125,126,132,133,136,145,148,151,154,158,166,171,172,173,176,178,180,182,184,195,40
138,3.494263,3.562563,0,1,0,40,43,48,55,85,87,93,136,138,158,172,180,12
67,3.507996,2.276940,0,-1,-1,67,1
180,3.516236,3.213370,0,1,0,4,12,16,22,25,34,40,41,43,44,45,55,57,70,72,82,83,87,90,91,93,95,106,122,126,132,136,138,145,151,154,158,161,163,171,172,173,174,176,180,182,184,187,195,44
136,3.529603,3.167592,0,1,0,1,4,12,16,22,25,26,34,40,41,43,44,45,55,70,72,82,87,90,91,93,95,106,122,126,132,136,138,145,148,151,154,158,166,171,172,173,176,180,182,184,187,195,43
106,3.551210,3.163015,0,1,0,1,4,12,16,22,25,40,41,43,44,45,55,70,72,82,83,87,90,91,93,95,106,122,126,132,136,145,148,151,154,158,166,171,172,173,174,176,180,182,184,195,41
43,3.551576,3.318201,0,1,0,4,16,22,25,34,40,41,43,45,55,57,58,60,70,82,83,85,87,91,93,106,122,124,126,132,136,138,145,151,154,158,161,163,167,171,172,173,174,176,179,180,184,187,43
172,3.586550,3.219779,0,1,0,4,12,16,22,25,34,40,41,43,45,55,70,82,83,87,91,93,106,122,126,132,136,138,145,151,154,158,166,171,172,173,174,176,180,184,187,195,37
166,3.601840,2.843760,0,1,0,25,41,95,153,166,5
55,3.606601,3.310785,0,1,0,4,16,22,25,34,40,41,43,45,48,55,57,58,70,79,82,83,85,87,91,93,106,126,132,136,138,145,151,154,158,161,163,167,171,172,173,174,176,180,183,184,187,42
25,3.608432,3.170064,0,1,0,4,12,16,22,25,40,41,43,45,55,70,72,83,87,90,91,93,106,122,126,132,136,145,151,154,158,166,171,172,173,174,176,180,182,184,195,36
145,3.618595,3.175283,0,1,0,4,12,16,22,25,40,41,43,45,55,70,72,83,87,91,93,106,122,126,132,136,145,151,154,158,166,171,172,173,174,176,180,182,184,195,35
158,3.628666,3.390255,0,1,0,22,25,34,40,43,45,48,55,58,60,70,82,83,85,87,93,106,108,124,126,136,138,145,151,154,158,163,167,171,172,174,176,179,180,184,187,36
85,3.631870,3.683508,0,1,0,21,28,40,43,45,48,55,60,82,85,93,112,138,141,158,168,16
70,3.645787,3.182974,0,1,0,4,12,16,22,25,40,41,43,45,55,70,83,87,91,93,106,122,126,132,136,145,151,154,158,166,171,172,173,174,176,180,184,195,33
176,3.655492,3.177847,0,1,0,4,12,16,22,25,40,41,43,45,55,70,83,87,93,106,122,126,132,136,145,151,154,158,166,171,172,173,174,176,180,184,195,32
45,3.662816,3.273339,0,1,0,4,16,22,25,40,41,43,45,48,55,58,70,79,82,83,85,87,91,93,106,126,132,136,145,151,154,158,167,171,172,173,174,176,180,183,184,36
40,3.685522,3.447386,0,1,0,22,25,33,34,40,43,45,48,55,58,60,70,82,83,85,86,93,106,108,112,126,136,138,139,141,145,151,158,167,172,174,176,179,180,34
153,3.685614,2.645451,0,0,0,153,1
93,3.734321,3.365169,0,1,0,22,25,33,34,40,43,45,48,55,58,70,79,82,83,85,93,106,108,126,136,138,141,145,151,158,167,172,174,176,180,183,31
48,3.747047,3.591311,0,1,0,21,28,33,40,45,48,55,60,82,83,85,86,93,108,112,118,126,138,139,141,151,158,174,23
151,3.765175,3.232414,0,1,0,4,22,23,25,40,43,45,48,55,58,70,79,83,87,93,106,126,136,145,151,158,159,167,171,172,174,176,180,183,184,30
126,3.771584,3.194418,0,1,0,23,25,40,43,45,48,55,58,70,73,79,83,87,93,106,107,126,136,145,151,158,159,167,171,172,174,176,180,183,184,30
141,3.813425,3.711249,0,1,0,21,28,33,40,48,85,93,108,112,118,141,174,12
174,3.822855,3.334498,0,1,0,25,33,40,43,45,48,55,58,70,79,83,86,93,106,108,112,126,139,141,145,151,158,159,167,172,174,176,180,183,29
83,3.884014,3.279107,0,1,0,23,25,33,40,43,45,48,55,58,70,73,79,83,86,93,106,107,108,112,126,139,145,151,158,159,167,172,174,176,180,183,31
167,3.942701,3.336421,0,1,0,13,21,23,28,33,40,43,45,55,58,73,79,83,86,93,107,108,112,118,126,139,151,158,159,167,174,176,183,28
58,3.943892,3.325709,0,1,0,13,21,23,28,33,40,43,45,55,58,70,73,79,83,86,93,107,108,112,118,126,139,151,158,159,167,174,176,183,29
23,3.945814,2.965621,0,1,0,23,58,73,75,79,83,107,159,167,183,10
112,3.957350,3.623539,0,1,0,21,28,33,40,48,56,58,79,83,85,112,118,139,141,167,174,183,17
56,3.961470,3.833018,0,1,0,21,28,33,56,68,108,112,118,141,9
108,3.975661,3.483825,0,1,0,21,28,33,40,48,56,58,79,83,93,108,112,118,139,141,158,159,167,174,183,20
33,3.986648,3.551485,0,1,0,21,28,33,40,48,56,58,79,83,86,93,97,108,112,118,139,141,167,174,183,189,21
68,3.990402,4.059343,0,1,0,21,28,56,64,68,130,6
21,3.990677,3.728278,0,1,0,21,28,33,48,56,58,68,79,85,86,97,108,112,118,139,141,167,189,18
28,3.994705,3.673803,0,1,0,21,28,33,48,56,58,68,79,85,86,97,108,112,118,139,141,167,183,189,19
79,4.023911,3.317652,0,1,0,13,21,23,28,33,45,55,58,73,79,83,86,93,97,107,108,112,118,126,139,151,159,167,170,174,183,26
183,4.029862,3.311426,0,1,0,13,23,28,33,45,55,58,73,79,83,86,93,97,107,108,112,118,126,139,151,159,167,170,174,183,25
139,4.082690,3.480621,0,1,0,13,21,28,33,40,48,58,73,79,83,86,97,101,107,108,112,118,139,159,167,174,183,189,23
86,4.088458,3.490051,0,1,0,13,21,28,33,40,48,58,73,79,83,86,97,101,107,108,112,118,139,159,167,174,183,189,23
118,4.092486,3.572451,0,1,0,21,28,33,48,56,58,79,86,97,108,112,118,139,141,159,167,183,189,18
159,4.116474,3.218497,0,1,0,13,23,58,73,75,79,83,86,97,107,108,118,126,139,151,159,167,170,174,183,20
75,4.149342,2.954726,0,1,0,23,73,75,107,159,5
73,4.161977,3.177847,0,1,0,13,23,58,73,75,79,83,86,97,107,126,139,159,167,170,183,16
107,4.190451,3.168416,0,1,0,13,23,58,73,75,79,83,86,97,107,126,139,159,167,170,183,16
97,4.230003,3.549654,0,1,0,13,21,28,33,71,73,79,86,97,101,107,108,111,112,117,118,139,159,170,183,189,21
64,4.233482,4.221580,0,0,0,64,68,130,3
189,4.286676,3.583987,0,1,0,6,13,21,28,33,49,71,86,97,101,108,111,112,117,118,139,170,189,18
13,4.325037,3.338618,0,1,0,13,58,73,79,86,97,101,107,117,139,159,167,170,183,189,15
130,4.359004,3.983718,0,1,0,0,49,64,68,130,5
101,4.406613,3.409665,0,1,0,6,13,49,71,86,97,101,111,117,139,170,189,12
170,4.425474,3.311792,0,1,0,73,79,107,159,170,183,6
111,4.437742,3.717017,0,1,0,0,6,49,71,97,101,111,117,130,170,189,11
49,4.447722,3.787515,0,0,0,0,6,49,130,4
117,4.448454,3.367367,0,1,0,6,13,49,71,97,101,111,117,170,189,10
6,4.459075,3.803079,0,0,0,0,6,49,130,4
71,4.467864,3.664098,0,1,0,0,6,49,71,97,101,111,117,130,170,189,11
0,4.489013,3.949385,0,0,0,0,49,130,3
